[GEREJA2.jpeg]
filters=enhance=1;autocolor=1;finetune2=1,0.000000,0.000000,0.106667,00000000,1.000000;Lomo=1,49.707603,0.000000;Soften=1,50.000000,50.000000;bw=1;
moddate=56d9709713a3d801
width=1280
height=602
textactive=0
[GEREJA4.jpeg]
filters=bw=1;sepia=1;bw=1;
moddate=747d5ed232a3d801
width=1280
height=602
textactive=0
